0 -1 -1 -1 -1 -1 -1 -1 -1 -1 -1 -1 -1 -1 -1 140 118 -1 -1 75
-1 0 -1 -1 -1 211 90 -1 -1 -1 -1 -1 -1 101 -1 -1 -1 85 -1 -1
-1 -1 0 120 -1 -1 -1 -1 -1 -1 -1 -1 -1 138 146 -1 -1 -1 -1 -1
-1 -1 120 0 -1 -1 -1 -1 -1 -1 75 -1 -1 -1 -1 -1 -1 -1 -1 -1
-1 -1 -1 -1 0 -1 -1 86 -1 -1 -1 -1 -1 -1 -1 -1 -1 -1 -1 -1
-1 211 -1 -1 -1 0 -1 -1 -1 -1 -1 -1 -1 -1 -1 99 -1 -1 -1 -1
-1 90 -1 -1 -1 -1 0 -1 -1 -1 -1 -1 -1 -1 -1 -1 -1 -1 -1 -1
-1 -1 -1 -1 86 -1 -1 0 -1 -1 -1 -1 -1 -1 -1 -1 -1 98 -1 -1
-1 -1 -1 -1 -1 -1 -1 -1 0 -1 -1 87 -1 -1 -1 -1 -1 -1 92 -1
-1 -1 -1 -1 -1 -1 -1 -1 -1 0 70 -1 -1 -1 -1 -1 111 -1 -1 -1
-1 -1 -1 75 -1 -1 -1 -1 -1 70 0 -1 -1 -1 -1 -1 -1 -1 -1 -1
-1 -1 -1 -1 -1 -1 -1 -1 87 -1 -1 0 -1 -1 -1 -1 -1 -1 -1 -1
-1 -1 -1 -1 -1 -1 -1 -1 -1 -1 -1 -1 0 -1 -1 151 -1 -1 -1 71
-1 101 138 -1 -1 -1 -1 -1 -1 -1 -1 -1 -1 0 97 -1 -1 -1 -1 -1
-1 -1 146 -1 -1 -1 -1 -1 -1 -1 -1 -1 -1 97 0 80 -1 -1 -1 -1
140 -1 -1 -1 -1 99 -1 -1 -1 -1 -1 -1 151 -1 80 0 -1 -1 -1 -1
118 -1 -1 -1 -1 -1 -1 -1 -1 111 -1 -1 -1 -1 -1 -1 0 -1 -1 -1
-1 85 -1 -1 -1 -1 -1 98 -1 -1 -1 -1 -1 -1 -1 -1 -1 0 142 -1
-1 -1 -1 -1 -1 -1 -1 -1 92 -1 -1 -1 -1 -1 -1 -1 -1 142 0 -1
75 -1 -1 -1 -1 -1 -1 -1 -1 -1 -1 -1 71 -1 -1 -1 -1 -1 -1 0